--- Test for ranking function ---

Algo #1: Treepath+Jaccard  (tree,standart): 0.5302197802197803

Algo #2: Treepath+Jaccard  (tree,modify): 0.5134065934065932

Algo #3: Treepath+Jaccard  (pure syntax tree,standart): 0.521098901098901

Algo #4: Keyword Search  (text): 0.8962637362637363

Algo #5: Edit Distance  (text): 0.5145054945054943

Algo #6: Cos similarity  (text): 0.8103296703296703

Algo #7: Jaccard similarity  (text): 0.8415384615384612



1.	0.73	1.00	0.91	0.95	1.00	0.95	0.96


2.	0.69	1.00	0.90	0.99	1.00	0.86	0.97


3.	0.70	1.00	0.79	0.98	1.00	0.73	0.96


4.	0.44	0.97	0.96	0.44	0.97	0.36	0.64


5.	0.48	0.97	0.78	0.10	0.97	0.07	0.20


6.	0.37	0.97	0.95	0.56	0.97	0.56	0.74


7.	0.86	0.97	0.90	0.25	0.97	0.07	0.14


8.	0.41	0.97	0.80	0.14	0.97	0.07	0.20


9.	0.96	0.91	0.91	0.69	0.91	0.79	0.90


10.	0.88	0.91	0.88	0.77	0.91	0.32	0.92


11.	0.88	0.91	0.91	0.92	0.91	0.67	0.91


12.	1.00	0.88	0.82	1.00	0.88	1.00	1.00


13.	1.00	0.88	0.82	1.00	0.88	1.00	1.00


14.	0.33	0.86	0.86	1.00	0.86	0.95	0.70


15.	0.40	0.86	0.78	1.00	0.86	1.00	0.78


16.	0.82	0.84	1.00	1.00	0.84	0.25	0.95


17.	0.70	0.84	1.00	1.00	0.84	0.93	0.99


18.	0.54	0.81	1.00	1.00	0.81	0.99	0.98


19.	0.57	0.81	1.00	0.90	0.81	0.98	0.97


20.	0.95	0.79	0.79	0.96	0.79	0.99	0.99


21.	0.63	0.79	0.77	0.99	0.79	0.87	0.98


22.	0.99	0.77	1.00	1.00	0.77	1.00	1.00


23.	0.99	0.77	1.00	1.00	0.77	0.93	1.00


24.	0.65	0.75	0.75	1.00	0.75	0.99	1.00


25.	0.52	0.75	0.74	1.00	0.75	1.00	1.00


26.	0.96	0.73	0.70	1.00	0.73	1.00	1.00


27.	0.86	0.73	0.73	1.00	0.73	1.00	1.00


28.	0.89	0.70	0.67	1.00	0.70	0.99	0.97


29.	0.96	0.70	0.70	0.98	0.70	0.98	0.96


30.	0.32	0.68	0.67	0.99	0.68	0.99	0.96


31.	0.68	0.68	0.68	1.00	0.68	0.99	0.97


32.	0.66	0.66	0.66	1.00	0.66	0.80	0.99


33.	0.31	0.66	0.66	1.00	0.66	0.84	1.00


34.	0.33	0.64	0.58	1.00	0.64	1.00	1.00


35.	0.60	0.64	0.64	1.00	0.64	1.00	1.00


36.	0.91	0.62	0.99	0.96	0.62	0.80	0.89


37.	0.88	0.62	0.99	0.97	0.62	0.34	0.95


38.	0.29	0.59	0.53	1.00	0.59	1.00	1.00


39.	0.55	0.55	0.48	1.00	0.59	1.00	1.00


40.	0.27	0.57	0.57	1.00	0.57	1.00	1.00


41.	0.43	0.57	0.56	1.00	0.57	1.00	1.00


42.	1.00	0.55	0.55	1.00	0.55	1.00	1.00


43.	1.00	0.55	0.51	1.00	0.55	0.95	1.00


44.	0.24	0.53	0.43	0.93	0.53	0.18	0.13


45.	0.25	0.53	0.53	0.98	0.53	0.56	0.24


46.	0.23	0.51	0.42	0.02	0.51	0.03	0.05


47.	0.24	0.51	0.51	0.46	0.51	0.30	0.16


48.	0.22	0.48	0.41	0.02	0.48	0.02	0.04


49.	0.23	0.48	0.48	0.36	0.48	0.37	0.19


50.	0.62	0.46	0.37	0.97	0.46	0.95	0.93


51.	0.77	0.46	0.42	0.98	0.46	0.81	0.98


52.	0.73	0.44	0.99	1.00	0.44	1.00	0.99


53.	0.86	0.44	1.00	1.00	0.44	1.00	1.00


54.	0.37	0.42	0.42	1.00	0.42	1.00	0.43


55.	0.25	0.42	0.42	1.00	0.42	1.00	0.47


56.	0.27	0.40	0.35	1.00	0.40	1.00	1.00


57.	0.13	0.40	0.36	1.00	0.40	1.00	1.00


58.	0.41	0.37	0.37	0.89	0.37	0.98	0.90


59.	0.76	0.37	0.31	0.82	0.37	0.92	0.85


60.	0.33	0.35	0.35	1.00	0.35	1.00	0.98


61.	0.35	0.35	0.34	1.00	0.35	1.00	1.00


62.	0.09	0.33	0.27	0.99	0.33	1.00	0.98


63.	0.30	0.30	0.30	0.99	0.33	1.00	0.99


64.	0.63	0.31	0.29	0.98	0.31	0.98	0.96


65.	0.71	0.31	0.31	0.98	0.31	0.99	0.95


66.	0.11	0.29	0.29	1.00	0.29	1.00	1.00


67.	0.21	0.29	0.27	1.00	0.29	1.00	1.00


68.	1.00	0.26	0.26	1.00	0.26	1.00	1.00


69.	0.99	0.26	0.26	1.00	0.26	0.98	1.00


70.	0.76	0.24	0.23	1.00	0.24	0.99	0.98


71.	0.71	0.24	0.21	1.00	0.24	0.98	0.96


72.	0.95	0.22	0.22	1.00	0.22	1.00	1.00


73.	0.89	0.22	0.21	1.00	0.22	1.00	1.00


74.	0.77	0.20	0.15	1.00	0.20	1.00	1.00


75.	0.76	0.20	0.20	1.00	0.20	1.00	1.00


76.	0.64	0.18	0.18	0.79	0.18	0.59	0.80


77.	0.14	0.18	0.14	0.96	0.18	0.87	0.92


78.	0.45	0.18	0.16	0.84	0.18	0.56	0.38


79.	0.67	0.18	0.14	0.64	0.18	0.62	0.57


80.	0.12	0.18	0.18	0.73	0.18	0.45	0.76


81.	0.10	0.10	0.12	1.00	0.12	1.00	1.00


82.	0.08	0.12	0.12	1.00	0.12	1.00	1.00


83.	0.08	0.10	0.08	0.95	0.10	0.71	0.89


84.	0.09	0.09	0.09	1.00	0.10	0.84	1.00


85.	0.08	0.10	0.09	1.00	0.10	0.96	1.00


86.	0.04	0.07	0.07	0.89	0.07	0.57	0.78


87.	0.07	0.07	0.07	0.98	0.07	0.87	0.64


88.	0.07	0.07	0.05	0.88	0.07	0.48	0.31


89.	0.03	0.03	0.03	0.99	0.03	0.53	0.88


90.	0.03	0.03	0.03	1.00	0.03	0.68	0.96


91.	0.03	0.03	0.03	1.00	0.03	0.96	0.96




