--- Test for ranking function ---

Algo #1: Treepath+Jaccard  (tree,standart): 

0.872522522522522 0.7455324176635652

Algo #2: Keyword Search  (text): 

0.9244144144144145 0.8400531679220204

Algo #3: Edit Distance  (text): 

0.5102702702702702 0.08684093929995573

Algo #4: Cos similarity  (text): 

0.8390090090090089 0.6849800620292423

Algo #5: Jaccard similarity  (text): 

0.8664864864864864 0.7356372766208832



1.	0.90	0.96	1.00	0.95	0.96


2.	0.92	0.99	1.00	0.88	0.97


3.	0.83	0.98	1.00	0.77	0.96


4.	0.51	0.64	0.97	0.32	0.61


5.	0.44	0.23	0.97	0.05	0.23


6.	0.69	0.64	0.97	0.60	0.76


7.	0.29	0.21	0.97	0.05	0.17


8.	0.40	0.23	0.97	0.05	0.23


9.	1.00	0.99	0.93	0.98	1.00


10.	1.00	1.00	0.93	0.70	1.00


11.	0.91	0.59	0.91	0.81	0.90


12.	0.74	0.99	0.91	0.33	0.93


13.	0.81	0.93	0.91	0.70	0.92


14.	1.00	1.00	0.88	1.00	1.00


15.	1.00	1.00	0.88	1.00	1.00


16.	0.80	1.00	0.86	0.95	0.68


17.	1.00	1.00	0.86	1.00	0.78


18.	0.78	1.00	0.85	0.27	0.94


19.	0.96	1.00	0.85	0.95	0.99


20.	1.00	1.00	0.83	0.99	0.98


21.	0.93	0.95	0.83	0.96	0.96


22.	0.97	0.95	0.81	0.99	0.99


23.	0.95	1.00	0.81	0.89	0.98


24.	1.00	1.00	0.79	1.00	1.00


25.	0.76	0.98	0.79	0.95	1.00


26.	1.00	1.00	0.77	0.66	0.86


27.	0.99	1.00	0.77	0.88	0.76


28.	1.00	1.00	0.76	1.00	1.00


29.	1.00	1.00	0.76	1.00	1.00


30.	1.00	1.00	0.74	0.99	1.00


31.	0.99	1.00	0.74	1.00	1.00


32.	1.00	1.00	0.72	1.00	0.99


33.	1.00	1.00	0.72	1.00	1.00


34.	1.00	1.00	0.70	1.00	1.00


35.	1.00	1.00	0.70	1.00	1.00


36.	1.00	1.00	0.68	0.99	0.97


37.	1.00	0.98	0.68	0.98	0.96


38.	0.59	0.99	0.67	0.99	0.95


39.	0.79	1.00	0.67	0.99	0.97


40.	0.94	1.00	0.65	0.79	0.99


41.	0.97	1.00	0.65	0.83	1.00


42.	0.89	1.00	0.63	1.00	1.00


43.	0.99	1.00	0.63	1.00	1.00


44.	0.68	0.97	0.61	0.82	0.89


45.	0.90	0.96	0.61	0.35	0.95


46.	1.00	1.00	0.59	1.00	1.00


47.	1.00	1.00	0.59	1.00	1.00


48.	1.00	1.00	0.58	1.00	1.00


49.	1.00	1.00	0.58	1.00	1.00


50.	1.00	1.00	0.56	1.00	1.00


51.	1.00	1.00	0.56	1.00	1.00


52.	0.98	1.00	0.54	0.99	1.00


53.	1.00	1.00	0.54	0.94	1.00


54.	0.66	0.93	0.52	0.20	0.15


55.	0.73	0.98	0.52	0.56	0.23


56.	0.52	0.04	0.50	0.03	0.07


57.	0.68	0.50	0.50	0.31	0.14


58.	0.41	0.02	0.49	0.02	0.06


59.	0.62	0.43	0.49	0.36	0.17


60.	0.84	0.97	0.47	0.95	0.95


61.	0.93	0.97	0.47	0.84	0.98


62.	0.98	1.00	0.45	1.00	0.99


63.	0.99	1.00	0.45	1.00	1.00


64.	0.95	0.99	0.43	0.95	0.99


65.	1.00	1.00	0.43	1.00	1.00


66.	0.94	1.00	0.41	1.00	0.46


67.	0.93	1.00	0.41	1.00	0.48


68.	1.00	1.00	0.40	1.00	1.00


69.	1.00	1.00	0.40	1.00	1.00


70.	0.87	0.96	0.38	0.98	0.90


71.	0.87	0.95	0.38	0.94	0.87


72.	0.69	1.00	0.36	1.00	0.98


73.	0.56	1.00	0.36	1.00	1.00


74.	1.00	1.00	0.34	1.00	0.98


75.	1.00	0.99	0.34	1.00	0.99


76.	0.99	0.98	0.32	0.98	0.96


77.	0.99	0.98	0.32	0.99	0.95


78.	1.00	1.00	0.31	1.00	1.00


79.	1.00	1.00	0.31	1.00	1.00


80.	1.00	1.00	0.29	1.00	1.00


81.	1.00	1.00	0.29	1.00	1.00


82.	0.98	1.00	0.27	1.00	1.00


83.	1.00	0.99	0.27	0.98	1.00


84.	0.94	1.00	0.25	0.99	0.98


85.	0.98	1.00	0.25	0.98	0.96


86.	1.00	0.99	0.23	0.95	0.75


87.	1.00	1.00	0.23	0.87	0.96


88.	1.00	1.00	0.22	1.00	1.00


89.	1.00	1.00	0.22	1.00	1.00


90.	1.00	1.00	0.20	1.00	1.00


91.	1.00	1.00	0.20	1.00	1.00


92.	0.66	1.00	0.18	1.00	1.00


93.	0.88	1.00	0.18	1.00	1.00


94.	0.73	0.82	0.16	0.65	0.83


95.	0.95	0.95	0.16	0.89	0.94


96.	0.87	0.86	0.16	0.60	0.41


97.	0.78	0.68	0.16	0.66	0.61


98.	0.77	0.75	0.16	0.46	0.80


99.	1.00	1.00	0.12	1.00	1.00


100.	1.00	1.00	0.12	1.00	1.00


101.	0.79	1.00	0.10	0.99	1.00


102.	0.98	1.00	0.10	1.00	1.00


103.	0.96	0.93	0.08	0.71	0.87


104.	0.85	1.00	0.08	0.84	1.00


105.	0.97	1.00	0.08	0.96	1.00


106.	0.97	0.99	0.05	0.58	0.79


107.	0.95	0.97	0.05	0.83	0.62


108.	0.82	0.85	0.05	0.50	0.33


109.	0.13	0.98	0.03	0.57	0.89


110.	0.05	1.00	0.03	0.72	0.96


111.	0.39	1.00	0.03	0.95	0.95




