1 0.751857 0.768688 0.658621 0.651578 0.751252 0.690678 0.679296 0.748227 0.666237 0.591633 0.591603 0.580559 0.619938 0.550773 0.635158 0.577465 0.604307 0.512195 0.556522 0.624531 0.638199 0.627622 0.599071 0.565972 0.634395 0.623932 0.614433 0.652318 0.637243 0.646774 0.642236 0.639951 0.614964 0.605893 0.6411 0.636672 0.603593 0.627075 0.520877 0.504283 0.707851 0.634424 0.532669 0.472222 0.652542 0.622074 0.720195 0.657106 0.687776 0.682963 0.629714 0.653409 0.636704 0.633766 0.655319 0.551471 0.621849 0.612532 0.491749 0.565972 
0.751857 1 0.738227 0.63575 0.681941 0.669935 0.732316 0.714096 0.646447 0.695817 0.568932 0.63204 0.612565 0.622901 0.599565 0.659091 0.578431 0.630952 0.536608 0.578778 0.669951 0.700152 0.630769 0.623672 0.59253 0.649123 0.648951 0.546185 0.722853 0.666667 0.668246 0.672372 0.671117 0.602496 0.600719 0.676136 0.639535 0.627358 0.674623 0.573635 0.548046 0.701266 0.696927 0.553493 0.51066 0.683773 0.666121 0.633533 0.673077 0.705202 0.704942 0.640766 0.669456 0.649877 0.660281 0.632312 0.576302 0.618203 0.623899 0.54013 0.585739 
0.768688 0.738227 1 0.627981 0.699229 0.674383 0.76354 0.714467 0.652529 0.713939 0.568058 0.643114 0.6225 0.615051 0.589529 0.622699 0.494505 0.650253 0.573991 0.614035 0.658019 0.611833 0.587762 0.640288 0.5456 0.713429 0.660453 0.526217 0.69219 0.691781 0.621824 0.701405 0.701163 0.561139 0.550676 0.668919 0.634796 0.665158 0.675481 0.578947 0.564598 0.697337 0.664894 0.584034 0.536729 0.68428 0.647604 0.72101 0.708333 0.696429 0.68232 0.656926 0.641434 0.650588 0.659341 0.677719 0.536256 0.675737 0.649819 0.578288 0.5792 
0.658621 0.63575 0.627981 1 0.545455 0.703276 0.558917 0.567527 0.68595 0.558908 0.625592 0.491501 0.505216 0.592527 0.485472 0.640535 0.666667 0.556561 0.416836 0.464286 0.532684 0.618794 0.630081 0.565371 0.584677 0.560284 0.580386 0.619753 0.624046 0.528782 0.664815 0.54069 0.536252 0.690171 0.684665 0.574468 0.644401 0.55894 0.522048 0.470387 0.421546 0.548063 0.561798 0.45565 0.401345 0.574841 0.588803 0.592992 0.60262 0.594324 0.615126 0.498113 0.548077 0.554785 0.547826 0.56 0.605603 0.520584 0.512821 0.419783 0.570565 
0.651578 0.681941 0.699229 0.545455 1 0.646707 0.830116 0.826733 0.597156 0.726627 0.527145 0.690058 0.64878 0.61744 0.622564 0.630952 0.475265 0.653941 0.61674 0.651163 0.701613 0.666199 0.592824 0.643357 0.578295 0.701405 0.700389 0.505415 0.668648 0.758929 0.593614 0.735698 0.734091 0.504052 0.495098 0.693421 0.629179 0.682522 0.74061 0.639727 0.635095 0.732861 0.73057 0.623457 0.596542 0.698842 0.685157 0.675645 0.648325 0.772727 0.721774 0.738347 0.692109 0.670115 0.705602 0.682171 0.559543 0.68071 0.694477 0.606339 0.595349 
0.751252 0.669935 0.674383 0.703276 0.646707 1 0.666151 0.657817 0.809145 0.61958 0.662132 0.575172 0.562319 0.611015 0.523077 0.666052 0.616973 0.580645 0.466667 0.521537 0.611111 0.680961 0.671233 0.6 0.625243 0.610497 0.609984 0.691038 0.675875 0.600522 0.695886 0.614247 0.609333 0.669405 0.672199 0.62381 0.649621 0.585271 0.601108 0.490524 0.485682 0.638268 0.627726 0.503563 0.453348 0.646059 0.702048 0.630749 0.610482 0.684466 0.679153 0.572482 0.62675 0.617568 0.624824 0.613354 0.616977 0.560881 0.585298 0.459906 0.613592 
0.690678 0.732316 0.76354 0.558917 0.830116 0.666151 1 0.792884 0.620915 0.716019 0.547273 0.688249 0.657071 0.627536 0.6174 0.639017 0.504587 0.646018 0.599641 0.63843 0.690673 0.663295 0.61129 0.629683 0.594551 0.703481 0.697333 0.530957 0.67638 0.744 0.60479 0.750293 0.746217 0.515101 0.509306 0.691475 0.649922 0.662514 0.742479 0.615308 0.6222 0.73697 0.743009 0.60673 0.594118 0.689153 0.69969 0.667816 0.66135 0.796424 0.727524 0.720477 0.698138 0.674912 0.691932 0.682603 0.564189 0.650397 0.687952 0.591432 0.612179 
0.679296 0.714096 0.714467 0.567527 0.826733 0.657817 0.792884 1 0.603421 0.736842 0.526678 0.682081 0.626506 0.617198 0.628426 0.643695 0.487847 0.63747 0.616594 0.640641 0.690205 0.66805 0.59447 0.651034 0.567939 0.693287 0.670935 0.505319 0.676428 0.732892 0.599428 0.736425 0.733708 0.529506 0.524116 0.667532 0.61976 0.660832 0.720418 0.649952 0.623889 0.714953 0.694373 0.610998 0.582303 0.700127 0.682422 0.674806 0.704492 0.811346 0.78382 0.72956 0.685824 0.673864 0.726737 0.664541 0.544141 0.700658 0.673635 0.592105 0.572519 
0.748227 0.646447 0.652529 0.68595 0.597156 0.809145 0.620915 0.603421 1 0.608824 0.716749 0.526087 0.51145 0.576923 0.48642 0.696252 0.685786 0.536321 0.43299 0.480583 0.561878 0.649635 0.67437 0.567273 0.625 0.593614 0.570957 0.781491 0.655512 0.560876 0.671756 0.575458 0.570629 0.665929 0.655481 0.569748 0.64503 0.533153 0.564774 0.453596 0.435561 0.603524 0.589786 0.45601 0.406393 0.602941 0.679283 0.581267 0.555887 0.638079 0.618307 0.526316 0.595395 0.577305 0.583086 0.627258 0.613839 0.537313 0.548105 0.416974 0.58125 
0.666237 0.695817 0.713939 0.558908 0.726627 0.61958 0.716019 0.736842 0.608824 1 0.519417 0.674058 0.638985 0.596306 0.631115 0.648122 0.469821 0.665891 0.624366 0.675676 0.678689 0.619737 0.559593 0.612861 0.549133 0.693674 0.668704 0.49584 0.715278 0.712619 0.577446 0.710098 0.71521 0.50753 0.500759 0.639405 0.592908 0.663512 0.727475 0.614525 0.619048 0.717805 0.678877 0.605496 0.58364 0.666262 0.658263 0.683369 0.657984 0.709434 0.668774 0.701312 0.662195 0.712105 0.691874 0.661389 0.515152 0.660695 0.673719 0.617561 0.544798 
0.591633 0.568932 0.568058 0.625592 0.527145 0.662132 0.547273 0.526678 0.716749 0.519417 1 0.449045 0.473862 0.530992 0.406417 0.658427 0.690265 0.459829 0.343612 0.401575 0.477379 0.567901 0.654589 0.534836 0.586124 0.502392 0.512868 0.737003 0.688341 0.467862 0.595238 0.48068 0.479326 0.625641 0.623377 0.542214 0.598608 0.460857 0.496 0.39 0.378866 0.499192 0.530275 0.394631 0.353808 0.554545 0.631818 0.468374 0.453202 0.566219 0.553191 0.440725 0.538462 0.496112 0.50817 0.542962 0.668394 0.45037 0.466346 0.36751 0.58134 
0.591603 0.63204 0.643114 0.491501 0.690058 0.575172 0.688249 0.682081 0.526087 0.674058 0.449045 1 0.81984 0.666667 0.653101 0.631001 0.446228 0.620253 0.590604 0.657744 0.663784 0.61948 0.548711 0.630829 0.576923 0.658617 0.669082 0.445172 0.616438 0.673662 0.565684 0.676692 0.676628 0.47181 0.470852 0.658507 0.556643 0.658689 0.69967 0.627306 0.653774 0.706534 0.696019 0.655005 0.640255 0.701439 0.707182 0.651899 0.606943 0.691925 0.650437 0.675325 0.646988 0.670982 0.65067 0.67509 0.558209 0.690302 0.711454 0.674396 0.582621 
0.580559 0.612565 0.6225 0.505216 0.64878 0.562319 0.657071 0.626506 0.51145 0.638985 0.473862 0.81984 1 0.661664 0.621866 0.606628 0.423469 0.625899 0.556612 0.619189 0.625843 0.614966 0.567119 0.635007 0.596702 0.650685 0.677175 0.439236 0.625899 0.638344 0.559775 0.638393 0.637472 0.461659 0.455836 0.648338 0.566176 0.632829 0.669336 0.591992 0.597073 0.652074 0.63602 0.609658 0.603951 0.687109 0.677794 0.619934 0.581585 0.637662 0.624021 0.646998 0.674214 0.627803 0.671312 0.650754 0.555906 0.632035 0.647194 0.657 0.596702 
0.619938 0.622901 0.615051 0.592527 0.61744 0.611015 0.627536 0.617198 0.576923 0.596306 0.530992 0.666667 0.661664 1 0.55518 0.635897 0.507307 0.595862 0.462786 0.54102 0.571063 0.615016 0.619134 0.683121 0.654122 0.573664 0.656433 0.503212 0.645051 0.583436 0.60299 0.603558 0.602774 0.539623 0.535238 0.616642 0.633976 0.569155 0.596078 0.557447 0.537118 0.599473 0.643796 0.543503 0.530398 0.669565 0.651724 0.569652 0.563418 0.626324 0.616438 0.549592 0.625364 0.60281 0.603723 0.646288 0.602662 0.609816 0.620419 0.537598 0.625448 
0.550773 0.599565 0.589529 0.485472 0.622564 0.523077 0.6174 0.628426 0.48642 0.631115 0.406417 0.653101 0.621866 0.55518 1 0.555948 0.395693 0.589484 0.628811 0.638079 0.657416 0.624719 0.513447 0.561659 0.478102 0.628516 0.591772 0.385773 0.517647 0.656104 0.550808 0.661275 0.661306 0.455919 0.451204 0.608324 0.508982 0.631822 0.619048 0.701827 0.655085 0.634409 0.626976 0.643168 0.669951 0.631027 0.560427 0.618914 0.642646 0.607568 0.572204 0.657449 0.609474 0.680993 0.673228 0.640379 0.506329 0.668211 0.626459 0.613853 0.495134 
0.635158 0.659091 0.622699 0.640535 0.630952 0.666052 0.639017 0.643695 0.696252 0.648122 0.658427 0.631001 0.606628 0.635897 0.555948 1 0.681818 0.599125 0.461843 0.531866 0.605121 0.715503 0.695146 0.633277 0.668593 0.590659 0.651163 0.67757 0.659963 0.587013 0.648313 0.59893 0.596817 0.635438 0.633745 0.629338 0.663534 0.551414 0.603306 0.524972 0.522235 0.631944 0.685759 0.518913 0.497268 0.683564 0.757856 0.562092 0.583099 0.694534 0.666667 0.559902 0.666151 0.646505 0.619916 0.635802 0.685832 0.581186 0.613793 0.495305 0.641618 
0.577465 0.578431 0.494505 0.666667 0.475265 0.616973 0.504587 0.487847 0.685786 0.469821 0.690265 0.446228 0.423469 0.507307 0.395693 0.681818 1 0.465517 0.328904 0.375165 0.446541 0.575884 0.611247 0.482402 0.547216 0.438907 0.48423 0.742236 0.553288 0.432229 0.582057 0.44704 0.444444 0.685714 0.686842 0.482955 0.584507 0.41369 0.45 0.371069 0.357977 0.473941 0.507407 0.383784 0.321384 0.482569 0.581609 0.453718 0.480132 0.531008 0.53125 0.414326 0.512015 0.460815 0.469522 0.48155 0.590551 0.432836 0.452342 0.341823 0.542373 
0.604307 0.630952 0.650253 0.556561 0.653941 0.580645 0.646018 0.63747 0.536321 0.665891 0.459829 0.620253 0.625899 0.595862 0.589484 0.599125 0.465517 1 0.625762 0.647059 0.697279 0.636864 0.566412 0.60631 0.60698 0.633641 0.647134 0.441901 0.614265 0.638462 0.584637 0.635135 0.63311 0.508716 0.5 0.647287 0.599702 0.626362 0.655889 0.606148 0.573255 0.652326 0.647583 0.564909 0.559242 0.647282 0.619677 0.636464 0.628235 0.643045 0.659631 0.63048 0.6277 0.632353 0.643611 0.609137 0.539075 0.622271 0.631214 0.594758 0.559939 
0.512195 0.536608 0.573991 0.416836 0.61674 0.466667 0.599641 0.616594 0.43299 0.624366 0.343612 0.590604 0.556612 0.462786 0.628811 0.461843 0.328904 0.625762 1 0.640271 0.643154 0.494286 0.421268 0.494297 0.417515 0.601175 0.554152 0.328844 0.49604 0.657745 0.45614 0.644096 0.647494 0.3826 0.373024 0.577028 0.457286 0.638195 0.615643 0.660557 0.609702 0.614539 0.54734 0.604278 0.613208 0.559246 0.471116 0.596091 0.575448 0.560369 0.541166 0.661983 0.536937 0.597349 0.607993 0.534653 0.392632 0.628733 0.587542 0.602281 0.419552 
0.556522 0.578778 0.614035 0.464286 0.651163 0.521537 0.63843 0.640641 0.480583 0.675676 0.401575 0.657744 0.619189 0.54102 0.638079 0.531866 0.375165 0.647059 0.640271 1 0.763928 0.558628 0.486779 0.557395 0.516746 0.637321 0.639293 0.383893 0.542824 0.676173 0.513636 0.665728 0.664799 0.420792 0.417186 0.590957 0.517079 0.686758 0.658677 0.63711 0.633166 0.672131 0.610592 0.635426 0.651786 0.633264 0.551282 0.668207 0.602726 0.624068 0.574332 0.680176 0.61722 0.6541 0.639806 0.60829 0.461443 0.668801 0.651631 0.621899 0.486842 
0.624531 0.669951 0.658019 0.532684 0.701613 0.611111 0.690673 0.690205 0.561878 0.678689 0.477379 0.663784 0.625843 0.571063 0.657416 0.605121 0.446541 0.697279 0.643154 0.763928 1 0.634738 0.559775 0.596178 0.544056 0.67316 0.663496 0.458333 0.623149 0.684265 0.581028 0.689619 0.690526 0.496361 0.486804 0.692771 0.585165 0.699179 0.675705 0.670921 0.608574 0.718341 0.663895 0.618042 0.60396 0.670602 0.618725 0.670135 0.652318 0.700489 0.648649 0.669625 0.657177 0.67766 0.713971 0.624408 0.508053 0.697531 0.677524 0.594466 0.53007 
0.638199 0.700152 0.611833 0.618794 0.666199 0.680961 0.663295 0.66805 0.649635 0.619737 0.567901 0.61948 0.614966 0.615016 0.624719 0.715503 0.575884 0.636864 0.494286 0.558628 0.634738 1 0.705036 0.633333 0.642857 0.613784 0.661808 0.567164 0.644558 0.638718 0.67053 0.646388 0.645283 0.590226 0.58444 0.666667 0.642234 0.587302 0.64146 0.579618 0.550109 0.675427 0.684134 0.594138 0.535565 0.65896 0.701031 0.626551 0.621838 0.719457 0.688923 0.623981 0.718023 0.648408 0.697613 0.619739 0.617424 0.583843 0.626632 0.540873 0.641071 
0.627622 0.630769 0.587762 0.630081 0.592824 0.671233 0.61129 0.59447 0.67437 0.559593 0.654589 0.548711 0.567119 0.619134 0.513447 0.695146 0.611247 0.566412 0.421268 0.486779 0.559775 0.705036 1 0.594982 0.680328 0.550933 0.614007 0.634761 0.624031 0.552097 0.661654 0.566248 0.562932 0.632609 0.641758 0.613599 0.616766 0.526104 0.569784 0.477012 0.483452 0.592163 0.652032 0.527607 0.450226 0.590323 0.696078 0.555858 0.552283 0.639594 0.611584 0.54892 0.62987 0.57784 0.609971 0.554295 0.642544 0.512752 0.564842 0.47503 0.686475 
0.599071 0.623672 0.640288 0.565371 0.643357 0.6 0.629683 0.651034 0.567273 0.612861 0.534836 0.630829 0.635007 0.683121 0.561659 0.633277 0.482402 0.60631 0.494297 0.557395 0.596178 0.633333 0.594982 1 0.672598 0.573281 0.649709 0.4862 0.661017 0.586716 0.610561 0.60177 0.598494 0.539326 0.533081 0.629247 0.638261 0.594397 0.596879 0.526483 0.536957 0.608126 0.628447 0.559055 0.541754 0.652738 0.652397 0.569307 0.563081 0.634586 0.617247 0.55633 0.611594 0.593393 0.611111 0.649783 0.637736 0.625153 0.613281 0.556425 0.631673 
0.565972 0.59253 0.5456 0.584677 0.578295 0.625243 0.594551 0.567939 0.625 0.549133 0.586124 0.576923 0.596702 0.654122 0.478102 0.668593 0.547216 0.60698 0.417515 0.516746 0.544056 0.642857 0.680328 0.672598 1 0.524964 0.585761 0.561097 0.630769 0.507402 0.600746 0.521498 0.517194 0.571121 0.56427 0.586491 0.611881 0.524634 0.585122 0.461098 0.482353 0.551227 0.612278 0.492063 0.462838 0.596154 0.696498 0.498645 0.500732 0.618487 0.580372 0.498104 0.582258 0.543933 0.553936 0.563607 0.63913 0.504673 0.553009 0.489697 0.650406 
0.634395 0.649123 0.713429 0.560284 0.701405 0.610497 0.703481 0.693287 0.593614 0.693674 0.502392 0.658617 0.650685 0.573664 0.628516 0.590659 0.438907 0.633641 0.601175 0.637321 0.67316 0.613784 0.550933 0.573281 0.524964 1 0.678356 0.454098 0.640604 0.709034 0.594631 0.711828 0.708333 0.511144 0.511976 0.686275 0.581232 0.667708 0.731278 0.618652 0.619452 0.692905 0.653382 0.607004 0.588879 0.709484 0.59751 0.658923 0.649103 0.691542 0.66375 0.698 0.662244 0.721382 0.675978 0.626506 0.515695 0.659708 0.654906 0.613153 0.510699 
0.623932 0.648951 0.660453 0.580386 0.700389 0.609984 0.697333 0.670935 0.570957 0.668704 0.512868 0.669082 0.677175 0.656433 0.591772 0.651163 0.48423 0.647134 0.554152 0.639293 0.663496 0.661808 0.614007 0.649709 0.585761 0.678356 1 0.485768 0.662539 0.681243 0.635952 0.688312 0.688159 0.544068 0.536752 0.705321 0.645008 0.63626 0.676364 0.59 0.591189 0.710623 0.66443 0.58836 0.568047 0.684 0.64375 0.655093 0.6267 0.700416 0.668061 0.672846 0.680965 0.652432 0.690887 0.658635 0.624573 0.637714 0.65534 0.59306 0.590615 
0.614433 0.546185 0.526217 0.619753 0.505415 0.691038 0.530957 0.505319 0.781491 0.49584 0.737003 0.445172 0.439236 0.503212 0.385773 0.67757 0.742236 0.441901 0.328844 0.383893 0.458333 0.567164 0.634761 0.4862 0.561097 0.454098 0.485768 1 0.564103 0.45092 0.593258 0.465079 0.460692 0.621984 0.630435 0.48062 0.589372 0.428788 0.465461 0.365262 0.361001 0.491694 0.513258 0.372253 0.327478 0.510319 0.638298 0.463679 0.469595 0.553571 0.548 0.422857 0.516068 0.469649 0.47563 0.526415 0.617886 0.43465 0.47117 0.346049 0.55611 
0.652318 0.722853 0.69219 0.624046 0.668648 0.675875 0.67638 0.676428 0.655512 0.715278 0.688341 0.616438 0.625899 0.645051 0.517647 0.659963 0.553288 0.614265 0.49604 0.542824 0.623149 0.644558 0.624031 0.661017 0.630769 0.640604 0.662539 0.564103 1 0.610895 0.620567 0.623498 0.621192 0.587398 0.581109 0.702362 0.679174 0.612323 0.661623 0.515521 0.519362 0.644938 0.675425 0.515939 0.481441 0.68865 0.691882 0.573107 0.576653 0.699839 0.710824 0.592186 0.649691 0.6 0.637255 0.651772 0.631148 0.604891 0.595041 0.533412 0.623077 
0.637243 0.666667 0.691781 0.528782 0.758929 0.600522 0.744 0.732892 0.560876 0.712619 0.467862 0.673662 0.638344 0.583436 0.656104 0.587013 0.432229 0.638462 0.657745 0.676173 0.684265 0.638718 0.552097 0.586716 0.507402 0.709034 0.681243 0.45092 0.610895 1 0.575604 0.94856 0.949898 0.474126 0.464789 0.658508 0.589947 0.725549 0.716842 0.662222 0.632153 0.789195 0.677011 0.639252 0.638279 0.688 0.618301 0.748231 0.66167 0.771868 0.694774 0.756238 0.693456 0.694215 0.733191 0.639908 0.495077 0.658 0.685985 0.629182 0.558546 
0.646774 0.668246 0.621824 0.664815 0.593614 0.695886 0.60479 0.599428 0.671756 0.577446 0.595238 0.565684 0.559775 0.60299 0.550808 0.648313 0.582057 0.584637 0.45614 0.513636 0.581028 0.67053 0.661654 0.610561 0.600746 0.594631 0.635952 0.593258 0.620567 0.575604 1 0.577778 0.575875 0.812992 0.801193 0.639017 0.644809 0.563522 0.576043 0.498911 0.477629 0.591588 0.625943 0.514484 0.461373 0.639222 0.641577 0.603581 0.624484 0.615023 0.618898 0.552096 0.625 0.576873 0.590411 0.580451 0.623016 0.558638 0.557952 0.482163 0.597015 
0.642236 0.672372 0.701405 0.54069 0.735698 0.614247 0.750293 0.736425 0.575458 0.710098 0.48068 0.676692 0.638393 0.603558 0.661275 0.59893 0.44704 0.635135 0.644096 0.665728 0.689619 0.646388 0.566248 0.60177 0.521498 0.711828 0.688312 0.465079 0.623498 0.94856 0.577778 1 0.987448 0.480519 0.47093 0.656699 0.59673 0.715306 0.720905 0.662738 0.634847 0.793926 0.683962 0.642176 0.633841 0.692849 0.633917 0.736298 0.661184 0.787621 0.703659 0.740196 0.704358 0.700846 0.740984 0.644706 0.50508 0.674847 0.695793 0.618596 0.576976 
0.639951 0.671117 0.701163 0.536252 0.734091 0.609333 0.746217 0.733708 0.570629 0.71521 0.479326 0.676628 0.637472 0.602774 0.661306 0.596817 0.444444 0.63311 0.647494 0.664799 0.690526 0.645283 0.562932 0.598494 0.517194 0.708333 0.688159 0.460692 0.621192 0.949898 0.575875 0.987448 1 0.479256 0.4683 0.654394 0.593243 0.719067 0.720557 0.668169 0.635023 0.788793 0.683841 0.644213 0.634906 0.697322 0.628838 0.734841 0.66122 0.783133 0.698547 0.740741 0.700585 0.702731 0.740499 0.64486 0.502158 0.674797 0.69239 0.619811 0.572215 
0.614964 0.602496 0.561139 0.690171 0.504052 0.669405 0.515101 0.529506 0.665929 0.50753 0.625641 0.47181 0.461659 0.539623 0.455919 0.635438 0.685714 0.508716 0.3826 0.420792 0.496361 0.590226 0.632609 0.539326 0.571121 0.511144 0.544068 0.621984 0.587398 0.474126 0.812992 0.480519 0.479256 1 0.953596 0.552677 0.618449 0.46888 0.482861 0.419622 0.389294 0.500752 0.526227 0.4311 0.374419 0.543624 0.572016 0.509859 0.551145 0.544974 0.554174 0.462647 0.54223 0.50508 0.506079 0.510961 0.622685 0.471567 0.473134 0.391468 0.55819 
0.605893 0.600719 0.550676 0.684665 0.495098 0.672199 0.509306 0.524116 0.655481 0.500759 0.623377 0.470852 0.455836 0.535238 0.451204 0.633745 0.686842 0.5 0.373024 0.417186 0.486804 0.58444 0.641758 0.533081 0.56427 0.511976 0.536752 0.630435 0.581109 0.464789 0.801193 0.47093 0.4683 0.953596 1 0.543554 0.608051 0.463788 0.474474 0.416171 0.385557 0.492424 0.518771 0.423664 0.369591 0.536379 0.567568 0.506383 0.547692 0.539146 0.551971 0.456464 0.53833 0.498538 0.49464 0.505102 0.611241 0.465084 0.461654 0.387626 0.553377 
0.6411 0.676136 0.668919 0.574468 0.693421 0.62381 0.691475 0.667532 0.569748 0.639405 0.542214 0.658507 0.648338 0.616642 0.608324 0.629338 0.482955 0.647287 0.577028 0.590957 0.692771 0.666667 0.613599 0.629247 0.586491 0.686275 0.705321 0.48062 0.702362 0.658508 0.639017 0.656699 0.654394 0.552677 0.543554 1 0.66129 0.65127 0.681818 0.604651 0.567876 0.719059 0.656676 0.567452 0.551346 0.721245 0.626391 0.631887 0.626566 0.687324 0.660057 0.64128 0.663946 0.66226 0.66417 0.626359 0.622609 0.640046 0.648216 0.589362 0.570017 
0.636672 0.639535 0.634796 0.644401 0.629179 0.649621 0.649922 0.61976 0.64503 0.592908 0.598608 0.556643 0.566176 0.633976 0.508982 0.663534 0.584507 0.599702 0.457286 0.517079 0.585165 0.642234 0.616766 0.638261 0.611881 0.581232 0.645008 0.589372 0.679174 0.589947 0.644809 0.59673 0.593243 0.618449 0.608051 0.66129 1 0.577225 0.602528 0.506201 0.483198 0.614731 0.631329 0.49399 0.469478 0.649922 0.639469 0.568575 0.591954 0.664474 0.639073 0.548507 0.630332 0.576712 0.618026 0.597792 0.625793 0.570866 0.582278 0.491647 0.6 
0.603593 0.627358 0.665158 0.55894 0.682522 0.585271 0.662514 0.660832 0.533153 0.663512 0.460857 0.658689 0.632829 0.569155 0.631822 0.551414 0.41369 0.626362 0.638195 0.686758 0.699179 0.587302 0.526104 0.594397 0.524634 0.667708 0.63626 0.428788 0.612323 0.725549 0.563522 0.715306 0.719067 0.46888 0.463788 0.65127 0.577225 1 0.68476 0.644307 0.622182 0.690126 0.651481 0.639147 0.615519 0.663647 0.584735 0.698094 0.639066 0.637002 0.62 0.688571 0.629124 0.647541 0.662434 0.630682 0.49096 0.705357 0.658307 0.630074 0.507324 
0.627075 0.674623 0.675481 0.522048 0.74061 0.601108 0.742479 0.720418 0.564774 0.727475 0.496 0.69967 0.669336 0.596078 0.619048 0.603306 0.45 0.655889 0.615643 0.658677 0.675705 0.64146 0.569784 0.596879 0.585122 0.731278 0.676364 0.465461 0.661623 0.716842 0.576043 0.720905 0.720557 0.482861 0.474474 0.681818 0.602528 0.68476 1 0.632747 0.667928 0.718889 0.72276 0.646199 0.607306 0.697954 0.632455 0.657143 0.638202 0.704489 0.665414 0.719439 0.673519 0.699134 0.676372 0.652174 0.52024 0.654812 0.693923 0.628876 0.550787 
0.520877 0.573635 0.578947 0.470387 0.639727 0.490524 0.615308 0.649952 0.453596 0.614525 0.39 0.627306 0.591992 0.557447 0.701827 0.524972 0.371069 0.606148 0.660557 0.63711 0.670921 0.579618 0.477012 0.526483 0.461098 0.618652 0.59 0.365262 0.515521 0.662222 0.498911 0.662738 0.668169 0.419622 0.416171 0.604651 0.506201 0.644307 0.632747 1 0.703734 0.690233 0.627373 0.646128 0.69685 0.622266 0.526786 0.635714 0.602817 0.618219 0.606372 0.71867 0.586826 0.624204 0.641386 0.597208 0.435867 0.648983 0.608333 0.608119 0.48627 
0.504283 0.548046 0.564598 0.421546 0.635095 0.485682 0.6222 0.623889 0.435561 0.619048 0.378866 0.653774 0.597073 0.537118 0.655085 0.522235 0.357977 0.573255 0.609702 0.633166 0.608574 0.550109 0.483452 0.536957 0.482353 0.619452 0.591189 0.361001 0.519362 0.632153 0.477629 0.634847 0.635023 0.389294 0.385557 0.567876 0.483198 0.622182 0.667928 0.703734 1 0.640343 0.74002 0.677145 0.704655 0.593686 0.519495 0.610401 0.552354 0.587618 0.573235 0.696258 0.588957 0.630698 0.619732 0.57712 0.443765 0.631436 0.650568 0.632291 0.484706 
0.707851 0.701266 0.697337 0.548063 0.732861 0.638268 0.73697 0.714953 0.603524 0.717805 0.499192 0.706534 0.652074 0.599473 0.634409 0.631944 0.473941 0.652326 0.614539 0.672131 0.718341 0.675427 0.592163 0.608126 0.551227 0.692905 0.710623 0.491694 0.644938 0.789195 0.591588 0.793926 0.788793 0.500752 0.492424 0.719059 0.614731 0.690126 0.718889 0.690233 0.640343 1 0.689024 0.637255 0.608815 0.784242 0.65035 0.764643 0.649321 0.809045 0.707071 0.743952 0.71011 0.705882 0.721533 0.654501 0.535552 0.690526 0.715239 0.634503 0.578644 
0.634424 0.696927 0.664894 0.561798 0.73057 0.627726 0.743009 0.694373 0.589786 0.678877 0.530275 0.696019 0.63602 0.643796 0.626976 0.685759 0.507407 0.647583 0.54734 0.610592 0.663895 0.684134 0.652032 0.628447 0.612278 0.653382 0.66443 0.513258 0.675425 0.677011 0.625943 0.683962 0.683841 0.526227 0.518771 0.656676 0.631329 0.651481 0.72276 0.627373 0.74002 0.689024 1 0.633192 0.596059 0.683089 0.680187 0.624277 0.635802 0.707756 0.667131 0.679739 0.670683 0.659953 0.694957 0.671123 0.596252 0.634703 0.684848 0.589286 0.599354 
0.532669 0.553493 0.584034 0.45565 0.623457 0.503563 0.60673 0.610998 0.45601 0.605496 0.394631 0.655005 0.609658 0.543503 0.643168 0.518913 0.383784 0.564909 0.604278 0.635426 0.618042 0.594138 0.527607 0.559055 0.492063 0.607004 0.58836 0.372253 0.515939 0.639252 0.514484 0.642176 0.644213 0.4311 0.423664 0.567452 0.49399 0.639147 0.646199 0.646128 0.677145 0.637255 0.633192 1 0.697119 0.588854 0.51962 0.619718 0.592079 0.597614 0.58061 0.654741 0.599789 0.604406 0.612043 0.585443 0.459975 0.627323 0.649756 0.618924 0.52381 
0.472222 0.51066 0.536729 0.401345 0.596542 0.453348 0.594118 0.582303 0.406393 0.58364 0.353808 0.640255 0.603951 0.530398 0.669951 0.497268 0.321384 0.559242 0.613208 0.651786 0.60396 0.535565 0.450226 0.541754 0.462838 0.588879 0.568047 0.327478 0.481441 0.638279 0.461373 0.633841 0.634906 0.374419 0.369591 0.551346 0.469478 0.615519 0.607306 0.69685 0.704655 0.608815 0.596059 0.697119 1 0.592157 0.514286 0.581129 0.564412 0.572149 0.56535 0.64027 0.582677 0.634322 0.601664 0.571288 0.42757 0.620961 0.627971 0.629812 0.5 
0.652542 0.683773 0.68428 0.574841 0.698842 0.646059 0.689153 0.700127 0.602941 0.666262 0.554545 0.701439 0.687109 0.669565 0.631027 0.683564 0.482569 0.647282 0.559246 0.633264 0.670602 0.65896 0.590323 0.652738 0.596154 0.709484 0.684 0.510319 0.68865 0.688 0.639222 0.692849 0.697322 0.543624 0.536379 0.721245 0.649922 0.663647 0.697954 0.622266 0.593686 0.784242 0.683089 0.588854 0.592157 1 0.726006 0.645977 0.63681 0.700138 0.670816 0.667389 0.664894 0.726737 0.668704 0.73174 0.635135 0.666288 0.669879 0.587252 0.576923 
0.622074 0.666121 0.647604 0.588803 0.685157 0.702048 0.69969 0.682422 0.679283 0.658263 0.631818 0.707182 0.677794 0.651724 0.560427 0.757856 0.581609 0.619677 0.471116 0.551282 0.618725 0.701031 0.696078 0.652397 0.696498 0.59751 0.64375 0.638298 0.691882 0.618301 0.641577 0.633917 0.628838 0.572016 0.567568 0.626391 0.639469 0.584735 0.632455 0.526786 0.519495 0.65035 0.680187 0.51962 0.514286 0.726006 1 0.568421 0.57305 0.745543 0.681892 0.592866 0.665109 0.642761 0.622881 0.657854 0.695021 0.597925 0.631944 0.561983 0.712062 
0.720195 0.633533 0.72101 0.592992 0.675645 0.630749 0.667816 0.674806 0.581267 0.683369 0.468374 0.651899 0.619934 0.569652 0.618914 0.562092 0.453718 0.636464 0.596091 0.668207 0.670135 0.626551 0.555858 0.569307 0.498645 0.658923 0.655093 0.463679 0.573107 0.748231 0.603581 0.736298 0.734841 0.509859 0.506383 0.631887 0.568575 0.698094 0.657143 0.635714 0.610401 0.764643 0.624277 0.619718 0.581129 0.645977 0.568421 1 0.699677 0.693222 0.639188 0.727097 0.622402 0.659398 0.655579 0.612457 0.477337 0.660302 0.664195 0.606909 0.520325 
0.657106 0.673077 0.708333 0.60262 0.648325 0.610482 0.66135 0.704492 0.555887 0.657984 0.453202 0.606943 0.581585 0.563418 0.642646 0.583099 0.480132 0.628235 0.575448 0.602726 0.652318 0.621838 0.552283 0.563081 0.500732 0.649103 0.6267 0.469595 0.576653 0.66167 0.624484 0.661184 0.66122 0.551145 0.547692 0.626566 0.591954 0.639066 0.638202 0.602817 0.552354 0.649321 0.635802 0.592079 0.564412 0.63681 0.57305 0.699677 1 0.695929 0.685422 0.643585 0.621455 0.639868 0.660205 0.577586 0.499232 0.643617 0.602925 0.564961 0.510981 
0.687776 0.705202 0.696429 0.594324 0.772727 0.684466 0.796424 0.811346 0.638079 0.709434 0.566219 0.691925 0.637662 0.626324 0.607568 0.694534 0.531008 0.643045 0.560369 0.624068 0.700489 0.719457 0.639594 0.634586 0.618487 0.691542 0.700416 0.553571 0.699839 0.771868 0.615023 0.787621 0.783133 0.544974 0.539146 0.687324 0.664474 0.637002 0.704489 0.618219 0.587618 0.809045 0.707756 0.597614 0.572149 0.700138 0.745543 0.693222 0.695929 1 0.81268 0.715884 0.723375 0.678049 0.693283 0.668508 0.591474 0.649061 0.692884 0.58944 0.678992 
0.682963 0.704942 0.68232 0.615126 0.721774 0.679153 0.727524 0.78382 0.618307 0.668774 0.553191 0.650437 0.624021 0.616438 0.572204 0.666667 0.53125 0.659631 0.541166 0.574332 0.648649 0.688923 0.611584 0.617247 0.580372 0.66375 0.668061 0.548 0.710824 0.694774 0.618898 0.703659 0.698547 0.554174 0.551971 0.660057 0.639073 0.62 0.665414 0.606372 0.573235 0.707071 0.667131 0.58061 0.56535 0.670816 0.681892 0.639188 0.685422 0.81268 1 0.680899 0.716273 0.63848 0.703185 0.629167 0.593918 0.65684 0.647428 0.570346 0.629442 
0.629714 0.640766 0.656926 0.498113 0.738347 0.572482 0.720477 0.72956 0.526316 0.701312 0.440725 0.675325 0.646998 0.549592 0.657449 0.559902 0.414326 0.63048 0.661983 0.680176 0.669625 0.623981 0.54892 0.55633 0.498104 0.698 0.672846 0.422857 0.592186 0.756238 0.552096 0.740196 0.740741 0.462647 0.456464 0.64128 0.548507 0.688571 0.719439 0.71867 0.696258 0.743952 0.679739 0.654741 0.64027 0.667389 0.592866 0.727097 0.643585 0.715884 0.680899 1 0.665941 0.694882 0.705584 0.616304 0.476943 0.66126 0.697091 0.631673 0.496839 
0.653409 0.669456 0.641434 0.548077 0.692109 0.62675 0.698138 0.685824 0.595395 0.662195 0.538462 0.646988 0.674214 0.625364 0.609474 0.666151 0.512015 0.6277 0.536937 0.61722 0.657177 0.718023 0.62987 0.611594 0.582258 0.662244 0.680965 0.516068 0.649691 0.693456 0.625 0.704358 0.700585 0.54223 0.53833 0.663946 0.630332 0.629124 0.673519 0.586826 0.588957 0.71011 0.670683 0.599789 0.582677 0.664894 0.665109 0.622402 0.621455 0.723375 0.716273 0.665941 1 0.688757 0.816953 0.631509 0.590136 0.641961 0.669492 0.594963 0.632258 
0.636704 0.649877 0.650588 0.554785 0.670115 0.617568 0.674912 0.673864 0.577305 0.712105 0.496112 0.670982 0.627803 0.60281 0.680993 0.646505 0.460815 0.632353 0.597349 0.6541 0.67766 0.648408 0.57784 0.593393 0.543933 0.721382 0.652432 0.469649 0.6 0.694215 0.576873 0.700846 0.702731 0.50508 0.498538 0.66226 0.576712 0.647541 0.699134 0.624204 0.630698 0.705882 0.659953 0.604406 0.634322 0.726737 0.642761 0.659398 0.639868 0.678049 0.63848 0.694882 0.688757 1 0.772777 0.663121 0.553285 0.657084 0.670639 0.585714 0.525802 
0.633766 0.660281 0.659341 0.547826 0.705602 0.624824 0.691932 0.726737 0.583086 0.691874 0.50817 0.65067 0.671312 0.603723 0.673228 0.619916 0.469522 0.643611 0.607993 0.639806 0.713971 0.697613 0.609971 0.611111 0.553936 0.675978 0.690887 0.47563 0.637255 0.733191 0.590411 0.740984 0.740499 0.506079 0.49464 0.66417 0.618026 0.662434 0.676372 0.641386 0.619732 0.721533 0.694957 0.612043 0.601664 0.668704 0.622881 0.655579 0.660205 0.693283 0.703185 0.705584 0.816953 0.772777 1 0.633129 0.54893 0.647932 0.673767 0.593719 0.561224 
0.655319 0.632312 0.677719 0.56 0.682171 0.613354 0.682603 0.664541 0.627258 0.661389 0.542962 0.67509 0.650754 0.646288 0.640379 0.635802 0.48155 0.609137 0.534653 0.60829 0.624408 0.619739 0.554295 0.649783 0.563607 0.626506 0.658635 0.526415 0.651772 0.639908 0.580451 0.644706 0.64486 0.510961 0.505102 0.626359 0.597792 0.630682 0.652174 0.597208 0.57712 0.654501 0.671123 0.585443 0.571288 0.73174 0.657854 0.612457 0.577586 0.668508 0.629167 0.616304 0.631509 0.663121 0.633129 1 0.631579 0.646925 0.650544 0.570231 0.58132 
0.551471 0.576302 0.536256 0.605603 0.559543 0.616977 0.564189 0.544141 0.613839 0.515152 0.668394 0.558209 0.555906 0.602662 0.506329 0.685832 0.590551 0.539075 0.392632 0.461443 0.508053 0.617424 0.642544 0.637736 0.63913 0.515695 0.624573 0.617886 0.631148 0.495077 0.623016 0.50508 0.502158 0.622685 0.611241 0.622609 0.625793 0.49096 0.52024 0.435867 0.443765 0.535552 0.596252 0.459975 0.42757 0.635135 0.695021 0.477337 0.499232 0.591474 0.593918 0.476943 0.590136 0.553285 0.54893 0.631579 1 0.528591 0.534535 0.450189 0.628261 
0.621849 0.618203 0.675737 0.520584 0.68071 0.560881 0.650397 0.700658 0.537313 0.660695 0.45037 0.690302 0.632035 0.609816 0.668211 0.581186 0.432836 0.622271 0.628733 0.668801 0.697531 0.583843 0.512752 0.625153 0.504673 0.659708 0.637714 0.43465 0.604891 0.658 0.558638 0.674847 0.674797 0.471567 0.465084 0.640046 0.570866 0.705357 0.654812 0.648983 0.631436 0.690526 0.634703 0.627323 0.620961 0.666288 0.597925 0.660302 0.643617 0.649061 0.65684 0.66126 0.641961 0.657084 0.647932 0.646925 0.528591 1 0.643979 0.63586 0.53538 
0.612532 0.623899 0.649819 0.512821 0.694477 0.585298 0.687952 0.673635 0.548105 0.673719 0.466346 0.711454 0.647194 0.620419 0.626459 0.613793 0.452342 0.631214 0.587542 0.651631 0.677524 0.626632 0.564842 0.613281 0.553009 0.654906 0.65534 0.47117 0.595041 0.685985 0.557952 0.695793 0.69239 0.473134 0.461654 0.648216 0.582278 0.658307 0.693923 0.608333 0.650568 0.715239 0.684848 0.649756 0.627971 0.669879 0.631944 0.664195 0.602925 0.692884 0.647428 0.697091 0.669492 0.670639 0.673767 0.650544 0.534535 0.643979 1 0.703201 0.611748 
0.491749 0.54013 0.578288 0.419783 0.606339 0.459906 0.591432 0.592105 0.416974 0.617561 0.36751 0.674396 0.657 0.537598 0.613853 0.495305 0.341823 0.594758 0.602281 0.621899 0.594466 0.540873 0.47503 0.556425 0.489697 0.613153 0.59306 0.346049 0.533412 0.629182 0.482163 0.618596 0.619811 0.391468 0.387626 0.589362 0.491647 0.630074 0.628876 0.608119 0.632291 0.634503 0.589286 0.618924 0.629812 0.587252 0.561983 0.606909 0.564961 0.58944 0.570346 0.631673 0.594963 0.585714 0.593719 0.570231 0.450189 0.63586 0.703201 1 0.54303 
0.565972 0.585739 0.5792 0.570565 0.595349 0.613592 0.612179 0.572519 0.58125 0.544798 0.58134 0.582621 0.596702 0.625448 0.495134 0.641618 0.542373 0.559939 0.419552 0.486842 0.53007 0.641071 0.686475 0.631673 0.650406 0.510699 0.590615 0.55611 0.623077 0.558546 0.597015 0.576976 0.572215 0.55819 0.553377 0.570017 0.6 0.507324 0.550787 0.48627 0.484706 0.578644 0.599354 0.52381 0.5 0.576923 0.712062 0.520325 0.510981 0.678992 0.629442 0.496839 0.632258 0.525802 0.561224 0.58132 0.628261 0.53538 0.611748 0.54303 1 
